%YAML:1.0
---
K1: !!opencv-matrix
   rows: 3
   cols: 3
   dt: d
   data: [ 3.7380961986e+02, 0., 3.820499737e+02,
           0., 3.7467481086e+02, 2.3797663548e+02,
           0., 0., 1. ]

K2: !!opencv-matrix
   rows: 3
   cols: 3
   dt: d
   data: [ 3.7405712551e+02, 0., 3.8267132695e+02,
           0., 3.7423973747e+02, 2.5559726762e+02,
           0., 0., 1. ]

D1: !!opencv-matrix
   rows: 1
   cols: 4
   dt: d
   data: [ -2.80140578e-01, 5.90308610e-02,  1.21988383e-03, -2.61627716e-04]

D2: !!opencv-matrix
   rows: 1
   cols: 4
   dt: d
   data: [-0.29722692,  0.06796334,  0.00113904,  0.00212699]

R: !!opencv-matrix
   rows: 3
   cols: 3
   dt: d
   data: [ 9.9937710927086232e-01, 6.6574256442889260e-04,
       -3.5283852571012152e-02, -5.6122884603209517e-04,
       9.9999542639097438e-01, 2.9719049977514483e-03,
       3.5285669720120018e-02, -2.9502515098184757e-03,
       9.9937291214462654e-01 ]

T: [ -0.1196912874657054, 8.226041646204108e-05, -0.0003374657316917672 ]

E: !!opencv-matrix
   rows: 3
   cols: 3
   dt: d
   data: [ 6.9820008707401423e-05, -1.4095475209446538e-02,
       1.7116203661984631e-03, 1.8124154399804832e-02,
       -3.2862046536940464e-04, 1.1399784343823849e-01,
       -1.6892047305587189e-03, -1.1456749333939190e-01,
       -2.7857288966444459e-04 ]

F: !!opencv-matrix
   rows: 3
   cols: 3
   dt: d
   data: [ 1.1911455458950686e-07, -2.4136262313457248e-05,
       6.9915466504755393e-03, 3.0978873016663478e-05,
       -5.6377761763118896e-07, 5.4073914377003499e-02,
       -8.7028918523370143e-03, -5.7444195339318133e-02, 1. ]

R1: !!opencv-matrix
   rows: 3
   cols: 3
   dt: d
   data: [ 9.8749064873997561e-01, -1.4177905590943361e-02,
       -1.5703886666732050e-01, 1.4550207932686047e-02,
       9.9989339418874734e-01, 1.2213545028953196e-03,
       1.5700480916270615e-01, -3.4910243139284628e-03,
       9.8759166797266074e-01 ]

R2: !!opencv-matrix
   rows: 3
   cols: 3
   dt: d
   data: [ 9.9240704735394714e-01, -1.5198753576695943e-02,
       -1.2205429223069370e-01, 1.5163722243243314e-02,
       9.9988428482043867e-01, -1.2159345580713538e-03,
       1.2205864938606552e-01, -6.4409536143067068e-04,
       9.9252268047194525e-01 ]

P1: !!opencv-matrix
   rows: 3
   cols: 4
   dt: d
   data: [ 3.3469690512577847e+02, 0., 4.6212606811523438e+02, 0., 0.,
       3.3469690512577847e+02, 2.4983502769470215e+02, 0., 0., 0., 1.,
       0. ]

P2: !!opencv-matrix
   rows: 3
   cols: 4
   dt: d
   data: [ 3.3469690512577847e+02, 0., 4.6212606811523438e+02,
       -3.8638550546621005e+01, 0., 3.3469690512577847e+02,
       2.4983502769470215e+02, 0., 0., 0., 1., 0. ]

Q: !!opencv-matrix
   rows: 4
   cols: 4
   dt: d
   data: [ 1., 0., 0., -4.6212606811523438e+02, 0., 1., 0.,
       -2.4983502769470215e+02, 0., 0., 0., 3.3469690512577847e+02, 0.,
       0., 8.6622531226148229e+00, 0. ]


#max_x: 752
#min_x: 0
#max_y: 480
#min_y: 0

#max_x: 680
#min_x: 72
#max_y: 480
#min_y: 0

max_x: 680
min_x: 72
max_y: 480
min_y: 120