%YAML:1.0
K1: !!opencv-matrix
   rows: 3
   cols: 3
   dt: d
   data: [ 4.6417933392659904e+02, 0., 3.2479711799310849e+02, 0.,
       4.6611716361740059e+02, 1.8685472713963392e+02, 0., 0., 1. ]
K2: !!opencv-matrix
   rows: 3
   cols: 3
   dt: d
   data: [ 4.6394860327263103e+02, 0., 3.3106360678338558e+02, 0.,
       4.6375869272018139e+02, 1.7571346440013161e+02, 0., 0., 1. ]
D1: !!opencv-matrix
   rows: 1
   cols: 5
   dt: d
   data: [ 1.4885193925432560e-01, -3.8454604770748702e-01,
       -1.8950854861753609e-03, 7.8121300147955593e-03,
       2.7294034259258465e-01 ]
D2: !!opencv-matrix
   rows: 1
   cols: 5
   dt: d
   data: [ 1.2249914632632175e-01, -2.1440080513600884e-01,
       -2.8013224434709164e-03, 4.6375383671683921e-03,
       4.3812259920217027e-02 ]
R: !!opencv-matrix
   rows: 3
   cols: 3
   dt: d
   data: [ 9.9942653697036332e-01, -2.9629020698892981e-02,
       -1.6392630412826015e-02, 2.9331318104542686e-02,
       9.9940562799161392e-01, -1.8112551364675371e-02,
       1.6919544251458529e-02, 1.7621347028886541e-02,
       9.9970156404359523e-01 ]
T: [ -9.4052586442980660e-02, -1.2149101400467301e-03,
    -7.2235718228952177e-04 ]
XR: !!opencv-matrix
   rows: 3
   cols: 3
   dt: d
   data: [ -0.0007962732853436516, -0.2675000227968607, 0.9635575706420958,
           -0.9999984502796089, -0.001321509725770019, -0.00119326128710218,
            0.001592547981999815, -0.9635569909380592, -0.2674985457970802 ]
XT: !!opencv-matrix
   rows: 3
   cols: 1
   dt: d
   data: [ 0.0,
           0.0,
           0.28 ]
