%YAML:1.0
---
K1: !!opencv-matrix
   rows: 3
   cols: 3
   dt: d
   data: [376, 0.0, 376, 0.0, 376, 240, 0.0, 0.0, 1.0]
K2: !!opencv-matrix
   rows: 3
   cols: 3
   dt: d
   data: [376, 0.0, 376, 0.0, 376, 240, 0.0, 0.0, 1.0]
D1: !!opencv-matrix
   rows: 1
   cols: 5
   dt: d
   data: [ 0,0,0,0,0 ]
D2: !!opencv-matrix
   rows: 1
   cols: 5
   dt: d
   data: [0,0,0,0,0 ]
R: !!opencv-matrix
   rows: 3
   cols: 3
   dt: d
   data: [1,0,0,0,1,0,0,0,1]
   T: [ -1.1456684921421170e-01,0,0 ]
E: !!opencv-matrix
   rows: 3
   cols: 3
   dt: d
   data: [ 6.9820008707401423e-05, -1.4095475209446538e-02,
       1.7116203661984631e-03, 1.8124154399804832e-02,
       -3.2862046536940464e-04, 1.1399784343823849e-01,
       -1.6892047305587189e-03, -1.1456749333939190e-01,
       -2.7857288966444459e-04 ]
F: !!opencv-matrix
   rows: 3
   cols: 3
   dt: d
   data: [ 1.1911455458950686e-07, -2.4136262313457248e-05,
       6.9915466504755393e-03, 3.0978873016663478e-05,
       -5.6377761763118896e-07, 5.4073914377003499e-02,
       -8.7028918523370143e-03, -5.7444195339318133e-02, 1. ]
R1: !!opencv-matrix
   rows: 3
   cols: 3
   dt: d
   data: [1,0,0,0,1,0,0,0,1]

R2: !!opencv-matrix
   rows: 3
   cols: 3
   dt: d
   data: [1,0,0,0,1,0,0,0,1]
P1: !!opencv-matrix
   rows: 3
   cols: 4
   dt: d
   data: [332.97713134460906, 0.0, 398.9270935058594, 0.0, 0.0, 332.97713134460906, 252.28187370300293, 0.0, 0.0, 0.0, 1.0, 0.0]

P2: !!opencv-matrix
   rows: 3
   cols: 4
   dt: d
   data: [332.97713134460906, 0.0, 398.9270935058594, -39.71778017327359, 0.0, 332.97713134460906, 252.28187370300293, 0.0, 0.0, 0.0, 1.0, 0.0]


Q: !!opencv-matrix
   rows: 4
   cols: 4
   dt: d
   data: [ 1., 0., 0., -4.6212606811523438e+02, 0., 1., 0.,
       -2.4983502769470215e+02, 0., 0., 0., 3.3469690512577847e+02, 0.,
       0., 8.6622531226148229e+00, 0. ]


max_x: 246
min_x: 130
max_y: 150
min_y: 100
