%YAML:1.0
# 'cameras' sequence contains for each camera: T_SC, image_dimension, distortion_coefficients, distortion_type, focal_length and principal_point
# if this sequence or one of the parameters of an entry is missing the calibration will not be used. Depending on 'useDriver' it will try to 
# get the calibration directly from the sensor. If useDriver==false it will first try to get the calibration via the visensor calibration service 
# and then as a last resort the calibration topic is tried. 
cameras:
    - {T_SC:
         [0.999983871478707, -0.003378272078458, 0.004565529566263, 0.036327130103992,
          0.003394964456101, 0.999987563420818, -0.003653384737134, -0.009239753497739,
          -0.004553130659044, 0.003668825624041, 0.999982904213738, 0.000422652652043,
           0.0, 0.0, 0.0, 1.0],
       image_dimension: [752, 480],
       distortion_coefficients: [-0.29370123496555756, 0.08730871667303616, 0.00010038160473754507, 0.00013680373784768344],
       distortion_type: radialtangential,
       focal_length: [466.8586127874696, 466.7725034368207],
       principal_point: [368.87847654026825, 240.78852760520198]}

    - {T_SC:
         [0.999970407015966, -0.005254557938991, 0.005619138117969, -0.072440830443425,
          0.005282751748116, 0.999973473583788, -0.005014445407151, -0.009075617855002,
          -0.005592640368449, 0.005043981526464, 0.999971639909887, 0.001012817402609,
           0.0, 0.0, 0.0, 1.0],
       image_dimension: [752, 480],
       distortion_coefficients: [-0.28861728460359526, 0.0822799844561439, -0.00015343044028117667, 3.3302619927644084e-05],
       distortion_type: radialtangential,
       focal_length: [467.7233457288314, 467.72122883849744],
       principal_point: [368.8077608831562, 213.90503557806537]}

camera_params:
    camera_rate: 20 # just to manage the expectations of when there should be frames arriving
    sigma_absolute_translation: 0.0 # The standard deviation of the camera extrinsics translation, e.g. 1.0e-10 for online-calib [m].
    sigma_absolute_orientation: 0.0 # The standard deviation of the camera extrinsics orientation, e.g. 1.0e-3 for online-calib [rad].
    sigma_c_relative_translation: 0.0 # The std. dev. of the cam. extr. transl. change between frames, e.g. 1.0e-6 for adaptive online calib (not less for numerics) [m].
    sigma_c_relative_orientation: 0.0 # The std. dev. of the cam. extr. orient. change between frames, e.g. 1.0e-6 for adaptive online calib (not less for numerics) [rad].
    timestamp_tolerance: 0.005 # [s] stereo frame out-of-sync tolerance

imu_params:
    a_max: 176.0 # acceleration saturation [m/s^2]
    g_max: 7.8 # gyro saturation [rad/s]
    sigma_g_c: 12.0e-4 # gyro noise density [rad/s/sqrt(Hz)]
    sigma_a_c: 8.0e-3 # accelerometer noise density [m/s^2/sqrt(Hz)]
    sigma_bg: 0.03 # gyro bias prior [rad/s]
    sigma_ba: 0.1 # accelerometer bias prior [m/s^2]
    sigma_gw_c: 4.0e-6 # gyro drift noise density [rad/s^s/sqrt(Hz)]
    sigma_aw_c: 4.0e-5 # accelerometer drift noise density [m/s^2/sqrt(Hz)]
    tau: 3600.0 # reversion time constant, currently not in use [s]
    g: 9.81007 # Earth's acceleration due to gravity [m/s^2]
    a0: [ 0.0, 0.0, 0.0 ] # Accelerometer bias [m/s^2]
    imu_rate: 200
    # tranform Body-Sensor (IMU)
    T_BS:
        [1.0000, 0.0000, 0.0000, 0.0000,
         0.0000, 1.0000, 0.0000, 0.0000,
         0.0000, 0.0000, 1.0000, 0.0000,
         0.0000, 0.0000, 0.0000, 1.0000]

# Estimator parameters
numKeyframes: 5 # number of keyframes in optimisation window
numImuFrames: 3 # number of frames linked by most recent nonlinear IMU error terms

# ceres optimization options
ceres_options:
    minIterations: 3   # minimum number of iterations always performed
    maxIterations: 10  # never do more than these, even if not converged
    timeLimit: 0.035   # [s] negative values will set the an unlimited time limit

# detection
detection_options:
    threshold: 40.0      # detection threshold. By default the uniformity radius in pixels
    octaves: 0           # number of octaves for detection. 0 means single-scale at highest resolution
    maxNoKeypoints: 400  # restrict to a maximum of this many keypoints per image (strongest ones)

# delay of images [s]:
imageDelay: 0.0  # in case you are using a custom setup, you will have to calibrate this. 0 for the VISensor.

# display debug images?
displayImages: true  # displays debug video and keyframe matches. May be slow.

# use direct driver
useDriver: true 

# some options for how and what to publish -- optional in ROS-free version
publishing_options:
    publish_rate: 200                  # rate at which odometry updates are published only works properly if imu_rate/publish_rate is an integer!!
    publishLandmarks: true             # select, if you want to publish landmarks at all
    landmarkQualityThreshold: 1.0e-2   # landmark with lower quality will not be published
    maximumLandmarkQuality: 0.05       # landmark with higher quality will be published with the maximum colour intensity
    maxPathLength: 20                  # maximum length of the published path
    publishImuPropagatedState: true    # Should the state that is propagated with IMU messages be published? Or just the optimized ones?
    # provide custom World frame Wc
    T_Wc_W:
        [1.0000, 0.0000, 0.0000, 0.0000,
         0.0000, 1.0000, 0.0000, 0.0000,
         0.0000, 0.0000, 1.0000, 0.0000,
         0.0000, 0.0000, 0.0000, 1.0000]
    trackedBodyFrame: B                # B or S, the frame of reference that will be expressed relative to the selected worldFrame
    velocitiesFrame: Wc                # Wc, B or S,  the frames in which the velocities of the selected trackedBodyFrame will be expressed in
