%YAML:1.0


Q_mat:  !!opencv-matrix
   rows: 4
   cols: 4
   dt: d
   data: [1.0, 0.0, 0.0, 0.0, 0.0, 1.0, 0.0, 0.0, 0.0, 0.0, 1.0, 0.0, 0.0, 0.0, 0.0, 1.0]
