# name: debug
# type: sparse matrix
# nnz: 36
# rows: 6
# columns: 6

1 1 0.000000000
2 1 0.000000000
3 1 0.000000000
4 1 0.000000000
5 1 0.000000000
6 1 0.000000000
1 2 0.000000000
2 2 0.000000000
3 2 0.000000000
4 2 0.000000000
5 2 0.000000000
6 2 0.000000000
1 3 0.000000000
2 3 0.000000000
3 3 0.000000000
4 3 0.000000000
5 3 0.000000000
6 3 0.000000000
1 4 0.000000000
2 4 0.000000000
3 4 0.000000000
4 4 83.930169565
5 4 7.799312264
6 4 29.341053537
1 5 0.000000000
2 5 0.000000000
3 5 0.000000000
4 5 7.799312264
5 5 83.649048453
6 5 28.817028570
1 6 0.000000000
2 6 0.000000000
3 6 0.000000000
4 6 29.341053537
5 6 28.817028570
6 6 184.398842471
