# name: debug
# type: sparse matrix
# nnz: 36
# rows: 6
# columns: 6

1 1 0.000000000
2 1 0.000000000
3 1 0.000000000
4 1 0.000000000
5 1 0.000000000
6 1 0.000000000
1 2 0.000000000
2 2 0.000000000
3 2 0.000000000
4 2 0.000000000
5 2 0.000000000
6 2 0.000000000
1 3 0.000000000
2 3 0.000000000
3 3 0.000000000
4 3 0.000000000
5 3 0.000000000
6 3 0.000000000
1 4 0.000000000
2 4 0.000000000
3 4 0.000000000
4 4 58.243618319
5 4 -15.377652631
6 4 -14.783067574
1 5 0.000000000
2 5 0.000000000
3 5 0.000000000
4 5 -15.377652631
5 5 128.705481262
6 5 70.823120415
1 6 0.000000000
2 6 0.000000000
3 6 0.000000000
4 6 -14.783067574
5 6 70.823120415
6 6 123.118513730
