# name: debug
# type: sparse matrix
# nnz: 36
# rows: 6
# columns: 6

1 1 0.000000000
2 1 0.000000000
3 1 0.000000000
4 1 0.000000000
5 1 0.000000000
6 1 0.000000000
1 2 0.000000000
2 2 0.000000000
3 2 0.000000000
4 2 0.000000000
5 2 0.000000000
6 2 0.000000000
1 3 0.000000000
2 3 0.000000000
3 3 0.000000000
4 3 0.000000000
5 3 0.000000000
6 3 0.000000000
1 4 0.000000000
2 4 0.000000000
3 4 0.000000000
4 4 130.588360708
5 4 2.296449470
6 4 -18.150953845
1 5 0.000000000
2 5 0.000000000
3 5 0.000000000
4 5 2.296449470
5 5 126.859538647
6 5 -8.643566243
1 6 0.000000000
2 6 0.000000000
3 6 0.000000000
4 6 -18.150953845
5 6 -8.643566243
6 6 194.084018709
