0.000000 0.540302 0.841471 0.000000 -0.841471 0.540302 0.000000 0.000000 0.000000 1.000000 
0.005000 0.540303 0.841468 -0.001909 -0.841445 0.540303 0.006506 0.006506 -0.001909 0.999977 
0.010000 0.540306 0.841460 -0.003818 -0.841368 0.540306 0.013011 0.013011 -0.003818 0.999908 
0.015000 0.540311 0.841446 -0.005727 -0.841239 0.540311 0.019515 0.019515 -0.005727 0.999793 
0.020000 0.540318 0.841426 -0.007636 -0.841059 0.540318 0.026018 0.026018 -0.007636 0.999632 
0.025000 0.540327 0.841401 -0.009545 -0.840827 0.540327 0.032519 0.032519 -0.009545 0.999426 
0.030000 0.540337 0.841371 -0.011455 -0.840543 0.540337 0.039018 0.039018 -0.011455 0.999173 
0.035000 0.540350 0.841334 -0.013364 -0.840209 0.540350 0.045514 0.045514 -0.013364 0.998874 
0.040000 0.540365 0.841292 -0.015274 -0.839822 0.540365 0.052006 0.052006 -0.015274 0.998530 
0.045000 0.540381 0.841245 -0.017185 -0.839385 0.540381 0.058495 0.058495 -0.017185 0.998140 
0.050000 0.540400 0.841192 -0.019095 -0.838896 0.540400 0.064979 0.064979 -0.019095 0.997704 
0.055000 0.540420 0.841133 -0.021007 -0.838355 0.540420 0.071459 0.071459 -0.021007 0.997222 
0.060000 0.540442 0.841069 -0.022918 -0.837764 0.540442 0.077933 0.077933 -0.022918 0.996695 
0.065000 0.540467 0.840999 -0.024830 -0.837121 0.540467 0.084401 0.084401 -0.024830 0.996122 
0.070000 0.540493 0.840923 -0.026743 -0.836428 0.540493 0.090864 0.090864 -0.026743 0.995504 
0.075000 0.540521 0.840842 -0.028656 -0.835683 0.540521 0.097320 0.097320 -0.028656 0.994841 
0.080000 0.540551 0.840756 -0.030570 -0.834887 0.540551 0.103768 0.103768 -0.030570 0.994132 
0.085000 0.540583 0.840663 -0.032484 -0.834041 0.540583 0.110209 0.110209 -0.032484 0.993377 
0.090000 0.540617 0.840565 -0.034399 -0.833143 0.540617 0.116642 0.116642 -0.034399 0.992578 
0.095000 0.540653 0.840462 -0.036315 -0.832195 0.540653 0.123067 0.123067 -0.036315 0.991734 
0.100000 0.540691 0.840352 -0.038232 -0.831197 0.540691 0.129483 0.129483 -0.038232 0.990844 
0.105000 0.540730 0.840237 -0.040149 -0.830148 0.540730 0.135889 0.135889 -0.040149 0.989910 
0.110000 0.540772 0.840117 -0.042068 -0.829048 0.540772 0.142285 0.142285 -0.042068 0.988931 
0.115000 0.540815 0.839991 -0.043987 -0.827899 0.540815 0.148671 0.148671 -0.043987 0.987908 
0.120000 0.540860 0.839859 -0.045907 -0.826699 0.540860 0.155046 0.155046 -0.045907 0.986840 
0.125000 0.540908 0.839721 -0.047828 -0.825449 0.540908 0.161409 0.161409 -0.047828 0.985728 
0.130000 0.540957 0.839578 -0.049750 -0.824149 0.540957 0.167761 0.167761 -0.049750 0.984572 
0.135000 0.541008 0.839429 -0.051673 -0.822800 0.541008 0.174101 0.174101 -0.051673 0.983371 
0.140000 0.541060 0.839274 -0.053597 -0.821401 0.541060 0.180428 0.180428 -0.053597 0.982127 
0.145000 0.541115 0.839114 -0.055523 -0.819952 0.541115 0.186742 0.186742 -0.055523 0.980839 
0.150000 0.541172 0.838947 -0.057449 -0.818455 0.541172 0.193042 0.193042 -0.057449 0.979507 
0.155000 0.541230 0.838775 -0.059377 -0.816908 0.541230 0.199329 0.199329 -0.059377 0.978132 
0.160000 0.541290 0.838598 -0.061306 -0.815312 0.541290 0.205601 0.205601 -0.061306 0.976714 
0.165000 0.541353 0.838414 -0.063236 -0.813667 0.541353 0.211858 0.211858 -0.063236 0.975252 
0.170000 0.541416 0.838225 -0.065168 -0.811973 0.541416 0.218100 0.218100 -0.065168 0.973748 
0.175000 0.541482 0.838030 -0.067101 -0.810231 0.541482 0.224326 0.224326 -0.067101 0.972201 
0.180000 0.541550 0.837829 -0.069035 -0.808441 0.541550 0.230536 0.230536 -0.069035 0.970612 
0.185000 0.541619 0.837623 -0.070971 -0.806603 0.541619 0.236729 0.236729 -0.070971 0.968980 
0.190000 0.541690 0.837410 -0.072909 -0.804717 0.541690 0.242905 0.242905 -0.072909 0.967306 
0.195000 0.541763 0.837192 -0.074847 -0.802783 0.541763 0.249064 0.249064 -0.074847 0.965591 
0.200000 0.541838 0.836968 -0.076788 -0.800801 0.541838 0.255204 0.255204 -0.076788 0.963833 
0.205000 0.541915 0.836738 -0.078730 -0.798772 0.541915 0.261327 0.261327 -0.078730 0.962034 
0.210000 0.541993 0.836502 -0.080673 -0.796696 0.541993 0.267430 0.267430 -0.080673 0.960194 
0.215000 0.542073 0.836260 -0.082619 -0.794573 0.542073 0.273515 0.273515 -0.082619 0.958313 
0.220000 0.542155 0.836012 -0.084566 -0.792403 0.542155 0.279580 0.279580 -0.084566 0.956391 
0.225000 0.542238 0.835759 -0.086514 -0.790187 0.542238 0.285625 0.285625 -0.086514 0.954429 
0.230000 0.542324 0.835499 -0.088465 -0.787925 0.542324 0.291649 0.291649 -0.088465 0.952426 
0.235000 0.542411 0.835234 -0.090417 -0.785616 0.542411 0.297653 0.297653 -0.090417 0.950383 
0.240000 0.542500 0.834962 -0.092371 -0.783262 0.542500 0.303635 0.303635 -0.092371 0.948300 
0.245000 0.542590 0.834685 -0.094327 -0.780863 0.542590 0.309596 0.309596 -0.094327 0.946178 
0.250000 0.542682 0.834401 -0.096285 -0.778417 0.542682 0.315535 0.315535 -0.096285 0.944016 
0.255000 0.542776 0.834112 -0.098245 -0.775927 0.542776 0.321451 0.321451 -0.098245 0.941816 
0.260000 0.542872 0.833816 -0.100207 -0.773392 0.542872 0.327345 0.327345 -0.100207 0.939576 
0.265000 0.542969 0.833514 -0.102171 -0.770813 0.542969 0.333215 0.333215 -0.102171 0.937299 
0.270000 0.543068 0.833206 -0.104137 -0.768189 0.543068 0.339062 0.339062 -0.104137 0.934982 
0.275000 0.543168 0.832893 -0.106105 -0.765521 0.543168 0.344885 0.344885 -0.106105 0.932629 
0.280000 0.543270 0.832573 -0.108075 -0.762809 0.543270 0.350684 0.350684 -0.108075 0.930237 
0.285000 0.543374 0.832246 -0.110048 -0.760054 0.543374 0.356458 0.356458 -0.110048 0.927808 
0.290000 0.543479 0.831914 -0.112022 -0.757256 0.543479 0.362206 0.362206 -0.112022 0.925342 
0.295000 0.543586 0.831576 -0.113999 -0.754415 0.543586 0.367930 0.367930 -0.113999 0.922839 
0.300000 0.543695 0.831231 -0.115978 -0.751531 0.543695 0.373627 0.373627 -0.115978 0.920300 
0.305000 0.543805 0.830880 -0.117960 -0.748604 0.543805 0.379299 0.379299 -0.117960 0.917724 
0.310000 0.543917 0.830523 -0.119943 -0.745636 0.543917 0.384944 0.384944 -0.119943 0.915113 
0.315000 0.544030 0.830159 -0.121929 -0.742626 0.544030 0.390562 0.390562 -0.121929 0.912466 
0.320000 0.544145 0.829790 -0.123918 -0.739574 0.544145 0.396153 0.396153 -0.123918 0.909784 
0.325000 0.544261 0.829413 -0.125909 -0.736481 0.544261 0.401716 0.401716 -0.125909 0.907067 
0.330000 0.544379 0.829031 -0.127902 -0.733347 0.544379 0.407251 0.407251 -0.127902 0.904316 
0.335000 0.544498 0.828642 -0.129898 -0.730173 0.544498 0.412758 0.412758 -0.129898 0.901530 
0.340000 0.544619 0.828247 -0.131897 -0.726958 0.544619 0.418237 0.418237 -0.131897 0.898711 
0.345000 0.544742 0.827845 -0.133898 -0.723703 0.544742 0.423686 0.423686 -0.133898 0.895858 
0.350000 0.544865 0.827437 -0.135901 -0.720409 0.544865 0.429107 0.429107 -0.135901 0.892972 
0.355000 0.544991 0.827023 -0.137907 -0.717075 0.544991 0.434498 0.434498 -0.137907 0.890052 
0.360000 0.545117 0.826602 -0.139916 -0.713703 0.545117 0.439859 0.439859 -0.139916 0.887101 
0.365000 0.545245 0.826174 -0.141928 -0.710291 0.545245 0.445190 0.445190 -0.141928 0.884117 
0.370000 0.545375 0.825740 -0.143942 -0.706842 0.545375 0.450490 0.450490 -0.143942 0.881101 
0.375000 0.545506 0.825300 -0.145959 -0.703354 0.545506 0.455760 0.455760 -0.145959 0.878054 
0.380000 0.545638 0.824852 -0.147979 -0.699828 0.545638 0.460998 0.460998 -0.147979 0.874976 
0.385000 0.545772 0.824399 -0.150001 -0.696266 0.545772 0.466206 0.466206 -0.150001 0.871867 
0.390000 0.545907 0.823938 -0.152026 -0.692666 0.545907 0.471381 0.471381 -0.152026 0.868728 
0.395000 0.546043 0.823471 -0.154055 -0.689029 0.546043 0.476525 0.476525 -0.154055 0.865558 
0.400000 0.546181 0.822997 -0.156086 -0.685357 0.546181 0.481636 0.481636 -0.156086 0.862360 
0.405000 0.546320 0.822516 -0.158120 -0.681648 0.546320 0.486715 0.486715 -0.158120 0.859132 
0.410000 0.546460 0.822029 -0.160157 -0.677903 0.546460 0.491761 0.491761 -0.160157 0.855875 
0.415000 0.546601 0.821535 -0.162197 -0.674124 0.546601 0.496774 0.496774 -0.162197 0.852589 
0.420000 0.546744 0.821034 -0.164239 -0.670309 0.546744 0.501753 0.501753 -0.164239 0.849276 
0.425000 0.546888 0.820526 -0.166285 -0.666460 0.546888 0.506699 0.506699 -0.166285 0.845934 
0.430000 0.547034 0.820011 -0.168334 -0.662577 0.547034 0.511612 0.511612 -0.168334 0.842566 
0.435000 0.547180 0.819489 -0.170386 -0.658660 0.547180 0.516490 0.516490 -0.170386 0.839170 
0.440000 0.547328 0.818960 -0.172441 -0.654709 0.547328 0.521333 0.521333 -0.172441 0.835748 
0.445000 0.547477 0.818425 -0.174500 -0.650725 0.547477 0.526143 0.526143 -0.174500 0.832300 
0.450000 0.547627 0.817882 -0.176561 -0.646709 0.547627 0.530917 0.530917 -0.176561 0.828826 
0.455000 0.547778 0.817332 -0.178625 -0.642660 0.547778 0.535656 0.535656 -0.178625 0.825327 
0.460000 0.547930 0.816776 -0.180693 -0.638579 0.547930 0.540360 0.540360 -0.180693 0.821803 
0.465000 0.548084 0.816212 -0.182764 -0.634466 0.548084 0.545029 0.545029 -0.182764 0.818255 
0.470000 0.548239 0.815640 -0.184838 -0.630323 0.548239 0.549662 0.549662 -0.184838 0.814682 
0.475000 0.548394 0.815062 -0.186915 -0.626148 0.548394 0.554259 0.554259 -0.186915 0.811086 
0.480000 0.548551 0.814477 -0.188996 -0.621943 0.548551 0.558819 0.558819 -0.188996 0.807466 
0.485000 0.548709 0.813884 -0.191080 -0.617707 0.548709 0.563344 0.563344 -0.191080 0.803824 
0.490000 0.548868 0.813284 -0.193167 -0.613442 0.548868 0.567832 0.567832 -0.193167 0.800159 
0.495000 0.549028 0.812676 -0.195258 -0.609148 0.549028 0.572283 0.572283 -0.195258 0.796472 
0.500000 0.549188 0.812062 -0.197352 -0.604825 0.549188 0.576697 0.576697 -0.197352 0.792763 
0.505000 0.549350 0.811440 -0.199449 -0.600473 0.549350 0.581074 0.581074 -0.199449 0.789033 
0.510000 0.549513 0.810810 -0.201550 -0.596093 0.549513 0.585413 0.585413 -0.201550 0.785283 
0.515000 0.549677 0.810173 -0.203654 -0.591685 0.549677 0.589715 0.589715 -0.203654 0.781512 
0.520000 0.549842 0.809528 -0.205762 -0.587249 0.549842 0.593980 0.593980 -0.205762 0.777721 
0.525000 0.550007 0.808876 -0.207873 -0.582787 0.550007 0.598207 0.598207 -0.207873 0.773911 
0.530000 0.550174 0.808216 -0.209987 -0.578298 0.550174 0.602395 0.602395 -0.209987 0.770081 
0.535000 0.550342 0.807549 -0.212105 -0.573783 0.550342 0.606546 0.606546 -0.212105 0.766233 
0.540000 0.550510 0.806874 -0.214227 -0.569241 0.550510 0.610658 0.610658 -0.214227 0.762367 
0.545000 0.550679 0.806191 -0.216352 -0.564675 0.550679 0.614732 0.614732 -0.216352 0.758483 
0.550000 0.550849 0.805501 -0.218480 -0.560083 0.550849 0.618767 0.618767 -0.218480 0.754582 
0.555000 0.551020 0.804803 -0.220612 -0.555467 0.551020 0.622763 0.622763 -0.220612 0.750664 
0.560000 0.551192 0.804097 -0.222748 -0.550826 0.551192 0.626720 0.626720 -0.222748 0.746730 
0.565000 0.551364 0.803383 -0.224887 -0.546162 0.551364 0.630639 0.630639 -0.224887 0.742779 
0.570000 0.551537 0.802661 -0.227030 -0.541474 0.551537 0.634518 0.634518 -0.227030 0.738813 
0.575000 0.551711 0.801931 -0.229176 -0.536762 0.551711 0.638358 0.638358 -0.229176 0.734831 
0.580000 0.551886 0.801193 -0.231326 -0.532029 0.551886 0.642159 0.642159 -0.231326 0.730835 
0.585000 0.552061 0.800447 -0.233480 -0.527272 0.552061 0.645920 0.645920 -0.233480 0.726825 
0.590000 0.552237 0.799693 -0.235637 -0.522494 0.552237 0.649641 0.649641 -0.235637 0.722801 
0.595000 0.552414 0.798931 -0.237798 -0.517695 0.552414 0.653323 0.653323 -0.237798 0.718764 
0.600000 0.552591 0.798161 -0.239962 -0.512874 0.552591 0.656965 0.656965 -0.239962 0.714713 
0.605000 0.552769 0.797382 -0.242131 -0.508033 0.552769 0.660567 0.660567 -0.242131 0.710650 
0.610000 0.552948 0.796596 -0.244303 -0.503171 0.552948 0.664129 0.664129 -0.244303 0.706575 
0.615000 0.553127 0.795801 -0.246478 -0.498290 0.553127 0.667651 0.667651 -0.246478 0.702489 
0.620000 0.553307 0.794997 -0.248658 -0.493389 0.553307 0.671133 0.671133 -0.248658 0.698391 
0.625000 0.553487 0.794186 -0.250841 -0.488468 0.553487 0.674574 0.674574 -0.250841 0.694283 
0.630000 0.553668 0.793365 -0.253027 -0.483529 0.553668 0.677976 0.677976 -0.253027 0.690164 
0.635000 0.553850 0.792537 -0.255218 -0.478572 0.553850 0.681336 0.681336 -0.255218 0.686035 
0.640000 0.554032 0.791700 -0.257412 -0.473597 0.554032 0.684657 0.684657 -0.257412 0.681897 
0.645000 0.554214 0.790854 -0.259610 -0.468604 0.554214 0.687937 0.687937 -0.259610 0.677751 
0.650000 0.554397 0.789999 -0.261811 -0.463594 0.554397 0.691176 0.691176 -0.261811 0.673595 
0.655000 0.554580 0.789136 -0.264017 -0.458568 0.554580 0.694375 0.694375 -0.264017 0.669432 
0.660000 0.554764 0.788264 -0.266226 -0.453525 0.554764 0.697533 0.697533 -0.266226 0.665261 
0.665000 0.554948 0.787384 -0.268439 -0.448466 0.554948 0.700650 0.700650 -0.268439 0.661082 
0.670000 0.555133 0.786494 -0.270655 -0.443392 0.555133 0.703727 0.703727 -0.270655 0.656897 
0.675000 0.555318 0.785596 -0.272876 -0.438302 0.555318 0.706763 0.706763 -0.272876 0.652706 
0.680000 0.555503 0.784689 -0.275100 -0.433198 0.555503 0.709758 0.709758 -0.275100 0.648509 
0.685000 0.555689 0.783773 -0.277328 -0.428079 0.555689 0.712712 0.712712 -0.277328 0.644306 
0.690000 0.555874 0.782847 -0.279559 -0.422946 0.555874 0.715626 0.715626 -0.279559 0.640099 
0.695000 0.556061 0.781913 -0.281795 -0.417800 0.556061 0.718498 0.718498 -0.281795 0.635887 
0.700000 0.556247 0.780970 -0.284034 -0.412640 0.556247 0.721330 0.721330 -0.284034 0.631671 
0.705000 0.556434 0.780017 -0.286277 -0.407468 0.556434 0.724121 0.724121 -0.286277 0.627451 
0.710000 0.556621 0.779055 -0.288523 -0.402283 0.556621 0.726871 0.726871 -0.288523 0.623228 
0.715000 0.556808 0.778084 -0.290774 -0.397086 0.556808 0.729580 0.729580 -0.290774 0.619002 
0.720000 0.556996 0.777104 -0.293028 -0.391878 0.556996 0.732248 0.732248 -0.293028 0.614774 
0.725000 0.557183 0.776114 -0.295286 -0.386658 0.557183 0.734876 0.734876 -0.295286 0.610544 
0.730000 0.557371 0.775115 -0.297547 -0.381427 0.557371 0.737462 0.737462 -0.297547 0.606313 
0.735000 0.557559 0.774106 -0.299813 -0.376186 0.557559 0.740008 0.740008 -0.299813 0.602080 
0.740000 0.557747 0.773088 -0.302082 -0.370935 0.557747 0.742513 0.742513 -0.302082 0.597847 
0.745000 0.557935 0.772060 -0.304355 -0.365674 0.557935 0.744977 0.744977 -0.304355 0.593614 
0.750000 0.558124 0.771022 -0.306631 -0.360403 0.558124 0.747401 0.747401 -0.306631 0.589381 
0.755000 0.558312 0.769975 -0.308911 -0.355123 0.558312 0.749783 0.749783 -0.308911 0.585148 
0.760000 0.558500 0.768918 -0.311195 -0.349835 0.558500 0.752125 0.752125 -0.311195 0.580917 
0.765000 0.558689 0.767851 -0.313483 -0.344539 0.558689 0.754427 0.754427 -0.313483 0.576688 
0.770000 0.558877 0.766774 -0.315774 -0.339234 0.558877 0.756688 0.756688 -0.315774 0.572460 
0.775000 0.559066 0.765688 -0.318069 -0.333923 0.559066 0.758908 0.758908 -0.318069 0.568235 
0.780000 0.559254 0.764591 -0.320368 -0.328603 0.559254 0.761088 0.761088 -0.320368 0.564012 
0.785000 0.559442 0.763484 -0.322670 -0.323278 0.559442 0.763227 0.763227 -0.322670 0.559793 
0.790000 0.559631 0.762368 -0.324976 -0.317945 0.559631 0.765326 0.765326 -0.324976 0.555578 
0.795000 0.559819 0.761241 -0.327285 -0.312607 0.559819 0.767385 0.767385 -0.327285 0.551366 
0.800000 0.560007 0.760104 -0.329598 -0.307263 0.560007 0.769404 0.769404 -0.329598 0.547159 
0.805000 0.560195 0.758956 -0.331915 -0.301913 0.560195 0.771382 0.771382 -0.331915 0.542957 
0.810000 0.560383 0.757798 -0.334235 -0.296559 0.560383 0.773320 0.773320 -0.334235 0.538761 
0.815000 0.560570 0.756630 -0.336559 -0.291200 0.560570 0.775218 0.775218 -0.336559 0.534570 
0.820000 0.560758 0.755451 -0.338886 -0.285836 0.560758 0.777077 0.777077 -0.338886 0.530385 
0.825000 0.560945 0.754262 -0.341217 -0.280469 0.560945 0.778895 0.778895 -0.341217 0.526207 
0.830000 0.561132 0.753062 -0.343551 -0.275098 0.561132 0.780674 0.780674 -0.343551 0.522036 
0.835000 0.561319 0.751852 -0.345889 -0.269724 0.561319 0.782413 0.782413 -0.345889 0.517872 
0.840000 0.561506 0.750631 -0.348230 -0.264347 0.561506 0.784112 0.784112 -0.348230 0.513716 
0.845000 0.561692 0.749399 -0.350575 -0.258967 0.561692 0.785772 0.785772 -0.350575 0.509568 
0.850000 0.561878 0.748156 -0.352923 -0.253585 0.561878 0.787393 0.787393 -0.352923 0.505429 
0.855000 0.562064 0.746903 -0.355274 -0.248202 0.562064 0.788974 0.788974 -0.355274 0.501299 
0.860000 0.562250 0.745638 -0.357629 -0.242816 0.562250 0.790516 0.790516 -0.357629 0.497178 
0.865000 0.562435 0.744363 -0.359987 -0.237430 0.562435 0.792019 0.792019 -0.359987 0.493067 
0.870000 0.562619 0.743076 -0.362349 -0.232042 0.562619 0.793483 0.793483 -0.362349 0.488966 
0.875000 0.562804 0.741779 -0.364714 -0.226654 0.562804 0.794909 0.794909 -0.364714 0.484875 
0.880000 0.562988 0.740470 -0.367082 -0.221266 0.562988 0.796295 0.796295 -0.367082 0.480796 
0.885000 0.563171 0.739150 -0.369453 -0.215878 0.563171 0.797643 0.797643 -0.369453 0.476728 
0.890000 0.563355 0.737818 -0.371828 -0.210490 0.563355 0.798953 0.798953 -0.371828 0.472672 
0.895000 0.563537 0.736475 -0.374206 -0.205103 0.563537 0.800224 0.800224 -0.374206 0.468627 
0.900000 0.563719 0.735121 -0.376586 -0.199717 0.563719 0.801457 0.801457 -0.376586 0.464596 
0.905000 0.563901 0.733755 -0.378970 -0.194332 0.563901 0.802652 0.802652 -0.378970 0.460577 
0.910000 0.564082 0.732378 -0.381358 -0.188949 0.564082 0.803809 0.803809 -0.381358 0.456571 
0.915000 0.564263 0.730989 -0.383748 -0.183568 0.564263 0.804929 0.804929 -0.383748 0.452579 
0.920000 0.564443 0.729588 -0.386141 -0.178189 0.564443 0.806010 0.806010 -0.386141 0.448601 
0.925000 0.564623 0.728176 -0.388537 -0.172813 0.564623 0.807054 0.807054 -0.388537 0.444637 
0.930000 0.564802 0.726751 -0.390936 -0.167440 0.564802 0.808061 0.808061 -0.390936 0.440688 
0.935000 0.564980 0.725315 -0.393338 -0.162069 0.564980 0.809031 0.809031 -0.393338 0.436754 
0.940000 0.565158 0.723867 -0.395743 -0.156703 0.565158 0.809963 0.809963 -0.395743 0.432836 
0.945000 0.565336 0.722407 -0.398151 -0.151340 0.565336 0.810859 0.810859 -0.398151 0.428933 
0.950000 0.565512 0.720934 -0.400562 -0.145981 0.565512 0.811718 0.811718 -0.400562 0.425047 
0.955000 0.565688 0.719450 -0.402975 -0.140627 0.565688 0.812540 0.812540 -0.402975 0.421177 
0.960000 0.565863 0.717953 -0.405391 -0.135277 0.565863 0.813326 0.813326 -0.405391 0.417324 
0.965000 0.566038 0.716444 -0.407810 -0.129932 0.566038 0.814076 0.814076 -0.407810 0.413488 
0.970000 0.566212 0.714923 -0.410232 -0.124592 0.566212 0.814789 0.814789 -0.410232 0.409669 
0.975000 0.566385 0.713389 -0.412656 -0.119258 0.566385 0.815467 0.815467 -0.412656 0.405869 
0.980000 0.566557 0.711842 -0.415082 -0.113929 0.566557 0.816109 0.816109 -0.415082 0.402087 
0.985000 0.566729 0.710284 -0.417511 -0.108606 0.566729 0.816715 0.816715 -0.417511 0.398323 
0.990000 0.566900 0.708712 -0.419943 -0.103290 0.566900 0.817286 0.817286 -0.419943 0.394578 
0.995000 0.567070 0.707128 -0.422377 -0.097980 0.567070 0.817821 0.817821 -0.422377 0.390853 
1.000000 0.567239 0.705531 -0.424813 -0.092677 0.567239 0.818322 0.818322 -0.424813 0.387147 
1.005000 0.567407 0.703921 -0.427252 -0.087382 0.567407 0.818788 0.818788 -0.427252 0.383461 
1.010000 0.567575 0.702298 -0.429693 -0.082093 0.567575 0.819219 0.819219 -0.429693 0.379795 
1.015000 0.567742 0.700662 -0.432136 -0.076812 0.567742 0.819615 0.819615 -0.432136 0.376150 
1.020000 0.567907 0.699013 -0.434582 -0.071539 0.567907 0.819978 0.819978 -0.434582 0.372525 
1.025000 0.568072 0.697351 -0.437029 -0.066274 0.568072 0.820306 0.820306 -0.437029 0.368922 
1.030000 0.568236 0.695676 -0.439479 -0.061017 0.568236 0.820600 0.820600 -0.439479 0.365341 
1.035000 0.568400 0.693988 -0.441931 -0.055769 0.568400 0.820860 0.820860 -0.441931 0.361781 
1.040000 0.568562 0.692286 -0.444384 -0.050529 0.568562 0.821087 0.821087 -0.444384 0.358243 
1.045000 0.568723 0.690571 -0.446840 -0.045299 0.568723 0.821281 0.821281 -0.446840 0.354728 
1.050000 0.568883 0.688842 -0.449297 -0.040078 0.568883 0.821441 0.821441 -0.449297 0.351236 
1.055000 0.569043 0.687100 -0.451756 -0.034867 0.569043 0.821569 0.821569 -0.451756 0.347766 
1.060000 0.569201 0.685345 -0.454217 -0.029665 0.569201 0.821663 0.821663 -0.454217 0.344320 
1.065000 0.569358 0.683575 -0.456680 -0.024473 0.569358 0.821725 0.821725 -0.456680 0.340898 
1.070000 0.569514 0.681792 -0.459144 -0.019291 0.569514 0.821755 0.821755 -0.459144 0.337499 
1.075000 0.569670 0.679995 -0.461610 -0.014120 0.569670 0.821752 0.821752 -0.461610 0.334125 
1.080000 0.569824 0.678184 -0.464077 -0.008959 0.569824 0.821718 0.821718 -0.464077 0.330775 
1.085000 0.569977 0.676359 -0.466545 -0.003810 0.569977 0.821652 0.821652 -0.466545 0.327450 
1.090000 0.570129 0.674520 -0.469015 0.001329 0.570129 0.821554 0.821554 -0.469015 0.324150 
1.095000 0.570280 0.672667 -0.471486 0.006457 0.570280 0.821425 0.821425 -0.471486 0.320876 
1.100000 0.570430 0.670800 -0.473959 0.011573 0.570430 0.821265 0.821265 -0.473959 0.317627 
1.105000 0.570578 0.668919 -0.476432 0.016677 0.570578 0.821074 0.821074 -0.476432 0.314404 
1.110000 0.570726 0.667023 -0.478907 0.021770 0.570726 0.820852 0.820852 -0.478907 0.311207 
1.115000 0.570872 0.665113 -0.481383 0.026850 0.570872 0.820600 0.820600 -0.481383 0.308037 
1.120000 0.571017 0.663189 -0.483859 0.031918 0.571017 0.820317 0.820317 -0.483859 0.304893 
1.125000 0.571161 0.661250 -0.486337 0.036974 0.571161 0.820005 0.820005 -0.486337 0.301776 
1.130000 0.571304 0.659296 -0.488815 0.042017 0.571304 0.819662 0.819662 -0.488815 0.298687 
1.135000 0.571446 0.657328 -0.491294 0.047047 0.571446 0.819290 0.819290 -0.491294 0.295625 
1.140000 0.571586 0.655345 -0.493774 0.052065 0.571586 0.818889 0.818889 -0.493774 0.292590 
1.145000 0.571725 0.653347 -0.496254 0.057069 0.571725 0.818458 0.818458 -0.496254 0.289584 
1.150000 0.571863 0.651334 -0.498734 0.062060 0.571863 0.817998 0.817998 -0.498734 0.286606 
1.155000 0.572000 0.649307 -0.501215 0.067037 0.572000 0.817510 0.817510 -0.501215 0.283656 
1.160000 0.572135 0.647264 -0.503697 0.072000 0.572135 0.816993 0.816993 -0.503697 0.280735 
1.165000 0.572269 0.645206 -0.506178 0.076950 0.572269 0.816447 0.816447 -0.506178 0.277844 
1.170000 0.572402 0.643134 -0.508660 0.081886 0.572402 0.815874 0.815874 -0.508660 0.274981 
1.175000 0.572534 0.641045 -0.511142 0.086807 0.572534 0.815273 0.815273 -0.511142 0.272147 
1.180000 0.572664 0.638942 -0.513624 0.091714 0.572664 0.814644 0.814644 -0.513624 0.269344 
1.185000 0.572793 0.636823 -0.516105 0.096607 0.572793 0.813988 0.813988 -0.516105 0.266570 
1.190000 0.572920 0.634689 -0.518587 0.101485 0.572920 0.813304 0.813304 -0.518587 0.263826 
1.195000 0.573046 0.632539 -0.521068 0.106348 0.573046 0.812594 0.812594 -0.521068 0.261113 
1.200000 0.573171 0.630374 -0.523549 0.111196 0.573171 0.811856 0.811856 -0.523549 0.258430 
1.205000 0.573294 0.628193 -0.526029 0.116029 0.573294 0.811092 0.811092 -0.526029 0.255778 
1.210000 0.573416 0.625997 -0.528509 0.120847 0.573416 0.810302 0.810302 -0.528509 0.253156 
1.215000 0.573537 0.623784 -0.530988 0.125649 0.573537 0.809486 0.809486 -0.530988 0.250566 
1.220000 0.573656 0.621556 -0.533467 0.130436 0.573656 0.808644 0.808644 -0.533467 0.248008 
1.225000 0.573774 0.619312 -0.535944 0.135207 0.573774 0.807777 0.807777 -0.535944 0.245481 
1.230000 0.573890 0.617052 -0.538421 0.139963 0.573890 0.806883 0.806883 -0.538421 0.242985 
1.235000 0.574005 0.614776 -0.540897 0.144702 0.574005 0.805965 0.805965 -0.540897 0.240522 
1.240000 0.574118 0.612484 -0.543371 0.149425 0.574118 0.805022 0.805022 -0.543371 0.238091 
1.245000 0.574230 0.610175 -0.545844 0.154133 0.574230 0.804054 0.804054 -0.545844 0.235692 
1.250000 0.574340 0.607851 -0.548316 0.158824 0.574340 0.803062 0.803062 -0.548316 0.233326 
1.255000 0.574449 0.605510 -0.550787 0.163498 0.574449 0.802045 0.802045 -0.550787 0.230992 
1.260000 0.574557 0.603152 -0.553256 0.168156 0.574557 0.801004 0.801004 -0.553256 0.228692 
1.265000 0.574663 0.600779 -0.555723 0.172797 0.574663 0.799940 0.799940 -0.555723 0.226424 
1.270000 0.574767 0.598388 -0.558189 0.177422 0.574767 0.798852 0.798852 -0.558189 0.224190 
1.275000 0.574870 0.595981 -0.560652 0.182030 0.574870 0.797740 0.797740 -0.560652 0.221989 
1.280000 0.574971 0.593558 -0.563114 0.186620 0.574971 0.796606 0.796606 -0.563114 0.219822 
1.285000 0.575071 0.591118 -0.565574 0.191194 0.575071 0.795448 0.795448 -0.565574 0.217688 
1.290000 0.575169 0.588661 -0.568031 0.195751 0.575169 0.794268 0.794268 -0.568031 0.215589 
1.295000 0.575266 0.586187 -0.570486 0.200290 0.575266 0.793066 0.793066 -0.570486 0.213523 
1.300000 0.575361 0.583696 -0.572939 0.204812 0.575361 0.791841 0.791841 -0.572939 0.211492 
1.305000 0.575454 0.581188 -0.575389 0.209316 0.575454 0.790594 0.790594 -0.575389 0.209496 
1.310000 0.575546 0.578664 -0.577837 0.213803 0.575546 0.789326 0.789326 -0.577837 0.207533 
1.315000 0.575637 0.576122 -0.580281 0.218272 0.575637 0.788035 0.788035 -0.580281 0.205606 
1.320000 0.575725 0.573563 -0.582723 0.222724 0.575725 0.786724 0.786724 -0.582723 0.203713 
1.325000 0.575812 0.570987 -0.585162 0.227157 0.575812 0.785391 0.785391 -0.585162 0.201856 
1.330000 0.575898 0.568393 -0.587598 0.231573 0.575898 0.784038 0.784038 -0.587598 0.200034 
1.335000 0.575982 0.565783 -0.590030 0.235971 0.575982 0.782664 0.782664 -0.590030 0.198246 
1.340000 0.576064 0.563154 -0.592459 0.240351 0.576064 0.781270 0.781270 -0.592459 0.196495 
1.345000 0.576144 0.560509 -0.594885 0.244713 0.576144 0.779855 0.779855 -0.594885 0.194779 
1.350000 0.576223 0.557846 -0.597306 0.249056 0.576223 0.778420 0.778420 -0.597306 0.193098 
1.355000 0.576300 0.555165 -0.599725 0.253381 0.576300 0.776966 0.776966 -0.599725 0.191454 
1.360000 0.576376 0.552467 -0.602139 0.257688 0.576376 0.775492 0.775492 -0.602139 0.189845 
1.365000 0.576450 0.549751 -0.604549 0.261977 0.576450 0.773999 0.773999 -0.604549 0.188272 
1.370000 0.576522 0.547017 -0.606955 0.266247 0.576522 0.772486 0.772486 -0.606955 0.186736 
1.375000 0.576592 0.544266 -0.609357 0.270498 0.576592 0.770955 0.770955 -0.609357 0.185236 
1.380000 0.576661 0.541497 -0.611754 0.274731 0.576661 0.769405 0.769405 -0.611754 0.183772 
1.385000 0.576728 0.538709 -0.614147 0.278946 0.576728 0.767837 0.767837 -0.614147 0.182345 
1.390000 0.576794 0.535904 -0.616535 0.283142 0.576794 0.766251 0.766251 -0.616535 0.180954 
1.395000 0.576857 0.533081 -0.618919 0.287319 0.576857 0.764646 0.764646 -0.618919 0.179600 
1.400000 0.576919 0.530240 -0.621297 0.291477 0.576919 0.763024 0.763024 -0.621297 0.178283 
1.405000 0.576979 0.527381 -0.623670 0.295616 0.576979 0.761384 0.761384 -0.623670 0.177003 
1.410000 0.577038 0.524503 -0.626038 0.299737 0.577038 0.759727 0.759727 -0.626038 0.175760 
1.415000 0.577095 0.521608 -0.628400 0.303839 0.577095 0.758053 0.758053 -0.628400 0.174554 
1.420000 0.577150 0.518694 -0.630757 0.307921 0.577150 0.756361 0.756361 -0.630757 0.173385 
1.425000 0.577203 0.515762 -0.633109 0.311985 0.577203 0.754654 0.754654 -0.633109 0.172253 
1.430000 0.577255 0.512811 -0.635454 0.316030 0.577255 0.752929 0.752929 -0.635454 0.171159 
1.435000 0.577304 0.509842 -0.637794 0.320055 0.577304 0.751189 0.751189 -0.637794 0.170103 
1.440000 0.577352 0.506855 -0.640127 0.324062 0.577352 0.749432 0.749432 -0.640127 0.169083 
1.445000 0.577399 0.503849 -0.642454 0.328049 0.577399 0.747659 0.747659 -0.642454 0.168102 
1.450000 0.577443 0.500824 -0.644775 0.332018 0.577443 0.745871 0.745871 -0.644775 0.167158 
1.455000 0.577486 0.497781 -0.647089 0.335967 0.577486 0.744068 0.744068 -0.647089 0.166252 
1.460000 0.577527 0.494720 -0.649396 0.339897 0.577527 0.742249 0.742249 -0.649396 0.165383 
1.465000 0.577566 0.491640 -0.651696 0.343807 0.577566 0.740415 0.740415 -0.651696 0.164553 
1.470000 0.577603 0.488541 -0.653990 0.347699 0.577603 0.738566 0.738566 -0.653990 0.163760 
1.475000 0.577639 0.485423 -0.656276 0.351571 0.577639 0.736703 0.736703 -0.656276 0.163006 
1.480000 0.577673 0.482287 -0.658555 0.355424 0.577673 0.734825 0.734825 -0.658555 0.162289 
1.485000 0.577704 0.479131 -0.660826 0.359258 0.577704 0.732933 0.732933 -0.660826 0.161611 
1.490000 0.577735 0.475957 -0.663089 0.363072 0.577735 0.731028 0.731028 -0.663089 0.160971 
1.495000 0.577763 0.472764 -0.665345 0.366867 0.577763 0.729108 0.729108 -0.665345 0.160368 
1.500000 0.577790 0.469553 -0.667592 0.370643 0.577790 0.727175 0.727175 -0.667592 0.159805 
1.505000 0.577814 0.466322 -0.669832 0.374399 0.577814 0.725228 0.725228 -0.669832 0.159279 
1.510000 0.577837 0.463072 -0.672063 0.378136 0.577837 0.723268 0.723268 -0.672063 0.158792 
1.515000 0.577859 0.459803 -0.674285 0.381854 0.577859 0.721295 0.721295 -0.674285 0.158343 
1.520000 0.577878 0.456515 -0.676499 0.385552 0.577878 0.719310 0.719310 -0.676499 0.157932 
1.525000 0.577896 0.453208 -0.678704 0.389231 0.577896 0.717311 0.717311 -0.678704 0.157560 
1.530000 0.577911 0.449882 -0.680900 0.392891 0.577911 0.715301 0.715301 -0.680900 0.157227 
1.535000 0.577925 0.446537 -0.683086 0.396531 0.577925 0.713278 0.713278 -0.683086 0.156932 
1.540000 0.577937 0.443173 -0.685264 0.400152 0.577937 0.711243 0.711243 -0.685264 0.156675 
1.545000 0.577948 0.439790 -0.687431 0.403754 0.577948 0.709196 0.709196 -0.687431 0.156457 
1.550000 0.577956 0.436387 -0.689589 0.407336 0.577956 0.707138 0.707138 -0.689589 0.156277 
1.555000 0.577963 0.432965 -0.691737 0.410899 0.577963 0.705068 0.705068 -0.691737 0.156136 
1.560000 0.577968 0.429524 -0.693875 0.414442 0.577968 0.702987 0.702987 -0.693875 0.156034 
1.565000 0.577971 0.426064 -0.696003 0.417967 0.577971 0.700895 0.700895 -0.696003 0.155970 
1.570000 0.577972 0.422584 -0.698120 0.421472 0.577972 0.698792 0.698792 -0.698120 0.155944 
1.575000 0.577971 0.419085 -0.700226 0.424957 0.577971 0.696678 0.696678 -0.700226 0.155957 
1.580000 0.577969 0.415567 -0.702322 0.428424 0.577969 0.694554 0.694554 -0.702322 0.156009 
1.585000 0.577965 0.412030 -0.704407 0.431871 0.577965 0.692419 0.692419 -0.704407 0.156099 
1.590000 0.577958 0.408473 -0.706480 0.435299 0.577958 0.690274 0.690274 -0.706480 0.156228 
1.595000 0.577951 0.404897 -0.708542 0.438708 0.577951 0.688120 0.688120 -0.708542 0.156395 
1.600000 0.577941 0.401301 -0.710592 0.442097 0.577941 0.685955 0.685955 -0.710592 0.156601 
1.605000 0.577929 0.397687 -0.712631 0.445468 0.577929 0.683781 0.683781 -0.712631 0.156846 
1.610000 0.577916 0.394052 -0.714658 0.448819 0.577916 0.681597 0.681597 -0.714658 0.157129 
1.615000 0.577901 0.390399 -0.716672 0.452151 0.577901 0.679404 0.679404 -0.716672 0.157450 
1.620000 0.577884 0.386726 -0.718675 0.455464 0.577884 0.677202 0.677202 -0.718675 0.157810 
1.625000 0.577865 0.383034 -0.720664 0.458758 0.577865 0.674991 0.674991 -0.720664 0.158208 
1.630000 0.577844 0.379323 -0.722641 0.462033 0.577844 0.672772 0.672772 -0.722641 0.158645 
1.635000 0.577822 0.375592 -0.724605 0.465289 0.577822 0.670543 0.670543 -0.724605 0.159120 
1.640000 0.577798 0.371841 -0.726556 0.468525 0.577798 0.668307 0.668307 -0.726556 0.159633 
1.645000 0.577772 0.368072 -0.728494 0.471743 0.577772 0.666062 0.666062 -0.728494 0.160185 
1.650000 0.577744 0.364283 -0.730418 0.474942 0.577744 0.663808 0.663808 -0.730418 0.160775 
1.655000 0.577714 0.360475 -0.732328 0.478122 0.577714 0.661548 0.661548 -0.732328 0.161403 
1.660000 0.577683 0.356647 -0.734224 0.481284 0.577683 0.659279 0.659279 -0.734224 0.162069 
1.665000 0.577650 0.352801 -0.736106 0.484426 0.577650 0.657002 0.657002 -0.736106 0.162773 
1.670000 0.577615 0.348934 -0.737974 0.487550 0.577615 0.654719 0.654719 -0.737974 0.163516 
1.675000 0.577578 0.345049 -0.739828 0.490655 0.577578 0.652428 0.652428 -0.739828 0.164296 
1.680000 0.577539 0.341145 -0.741666 0.493741 0.577539 0.650130 0.650130 -0.741666 0.165115 
1.685000 0.577499 0.337221 -0.743490 0.496808 0.577499 0.647824 0.647824 -0.743490 0.165971 
1.690000 0.577457 0.333278 -0.745298 0.499857 0.577457 0.645513 0.645513 -0.745298 0.166865 
1.695000 0.577413 0.329315 -0.747091 0.502887 0.577413 0.643194 0.643194 -0.747091 0.167797 
1.700000 0.577367 0.325334 -0.748869 0.505899 0.577367 0.640869 0.640869 -0.748869 0.168767 
1.705000 0.577320 0.321334 -0.750631 0.508893 0.577320 0.638538 0.638538 -0.750631 0.169774 
1.710000 0.577271 0.317314 -0.752377 0.511867 0.577271 0.636200 0.636200 -0.752377 0.170819 
1.715000 0.577220 0.313275 -0.754106 0.514824 0.577220 0.633856 0.633856 -0.754106 0.171901 
1.720000 0.577167 0.309218 -0.755819 0.517762 0.577167 0.631507 0.631507 -0.755819 0.173021 
1.725000 0.577112 0.305141 -0.757516 0.520681 0.577112 0.629152 0.629152 -0.757516 0.174177 
1.730000 0.577056 0.301045 -0.759195 0.523583 0.577056 0.626791 0.626791 -0.759195 0.175372 
1.735000 0.576998 0.296931 -0.760858 0.526466 0.576998 0.624425 0.624425 -0.760858 0.176603 
1.740000 0.576939 0.292797 -0.762503 0.529331 0.576939 0.622053 0.622053 -0.762503 0.177871 
1.745000 0.576877 0.288645 -0.764131 0.532178 0.576877 0.619677 0.619677 -0.764131 0.179177 
1.750000 0.576814 0.284474 -0.765741 0.535007 0.576814 0.617295 0.617295 -0.765741 0.180519 
1.755000 0.576749 0.280284 -0.767334 0.537818 0.576749 0.614908 0.614908 -0.767334 0.181898 
1.760000 0.576683 0.276076 -0.768908 0.540611 0.576683 0.612517 0.612517 -0.768908 0.183313 
1.765000 0.576614 0.271849 -0.770463 0.543386 0.576614 0.610121 0.610121 -0.770463 0.184765 
1.770000 0.576545 0.267603 -0.772001 0.546143 0.576545 0.607721 0.607721 -0.772001 0.186254 
1.775000 0.576473 0.263339 -0.773519 0.548882 0.576473 0.605316 0.605316 -0.773519 0.187779 
1.780000 0.576400 0.259056 -0.775018 0.551604 0.576400 0.602907 0.602907 -0.775018 0.189340 
1.785000 0.576325 0.254755 -0.776498 0.554308 0.576325 0.600494 0.600494 -0.776498 0.190937 
1.790000 0.576248 0.250436 -0.777959 0.556994 0.576248 0.598077 0.598077 -0.777959 0.192570 
1.795000 0.576170 0.246098 -0.779400 0.559662 0.576170 0.595656 0.595656 -0.779400 0.194239 
1.800000 0.576090 0.241742 -0.780821 0.562314 0.576090 0.593232 0.593232 -0.780821 0.195944 
1.805000 0.576008 0.237368 -0.782222 0.564947 0.576008 0.590804 0.590804 -0.782222 0.197685 
1.810000 0.575925 0.232976 -0.783603 0.567564 0.575925 0.588373 0.588373 -0.783603 0.199460 
1.815000 0.575840 0.228566 -0.784963 0.570162 0.575840 0.585938 0.585938 -0.784963 0.201272 
1.820000 0.575753 0.224138 -0.786302 0.572744 0.575753 0.583500 0.583500 -0.786302 0.203118 
1.825000 0.575665 0.219692 -0.787620 0.575309 0.575665 0.581059 0.581059 -0.787620 0.204999 
1.830000 0.575575 0.215229 -0.788917 0.577856 0.575575 0.578616 0.578616 -0.788917 0.206916 
1.835000 0.575484 0.210747 -0.790192 0.580386 0.575484 0.576169 0.576169 -0.790192 0.208867 
1.840000 0.575391 0.206248 -0.791446 0.582899 0.575391 0.573720 0.573720 -0.791446 0.210853 
1.845000 0.575296 0.201732 -0.792678 0.585395 0.575296 0.571268 0.571268 -0.792678 0.212873 
1.850000 0.575200 0.197198 -0.793888 0.587874 0.575200 0.568813 0.568813 -0.793888 0.214927 
1.855000 0.575102 0.192647 -0.795075 0.590337 0.575102 0.566357 0.566357 -0.795075 0.217016 
1.860000 0.575003 0.188079 -0.796240 0.592782 0.575003 0.563898 0.563898 -0.796240 0.219139 
1.865000 0.574902 0.183494 -0.797382 0.595211 0.574902 0.561437 0.561437 -0.797382 0.221295 
1.870000 0.574800 0.178892 -0.798500 0.597623 0.574800 0.558974 0.558974 -0.798500 0.223485 
1.875000 0.574696 0.174272 -0.799596 0.600019 0.574696 0.556509 0.556509 -0.799596 0.225709 
1.880000 0.574591 0.169636 -0.800668 0.602398 0.574591 0.554042 0.554042 -0.800668 0.227966 
1.885000 0.574484 0.164984 -0.801716 0.604761 0.574484 0.551573 0.551573 -0.801716 0.230256 
1.890000 0.574375 0.160314 -0.802741 0.607107 0.574375 0.549103 0.549103 -0.802741 0.232579 
1.895000 0.574265 0.155629 -0.803741 0.609437 0.574265 0.546632 0.546632 -0.803741 0.234935 
1.900000 0.574154 0.150927 -0.804716 0.611750 0.574154 0.544159 0.544159 -0.804716 0.237323 
1.905000 0.574041 0.146208 -0.805668 0.614048 0.574041 0.541685 0.541685 -0.805668 0.239744 
1.910000 0.573927 0.141474 -0.806594 0.616329 0.573927 0.539210 0.539210 -0.806594 0.242197 
1.915000 0.573811 0.136724 -0.807495 0.618594 0.573811 0.536733 0.536733 -0.807495 0.244682 
1.920000 0.573694 0.131957 -0.808371 0.620843 0.573694 0.534256 0.534256 -0.808371 0.247199 
1.925000 0.573575 0.127176 -0.809221 0.623076 0.573575 0.531778 0.531778 -0.809221 0.249748 
1.930000 0.573455 0.122378 -0.810045 0.625294 0.573455 0.529299 0.529299 -0.810045 0.252328 
1.935000 0.573333 0.117565 -0.810844 0.627495 0.573333 0.526819 0.526819 -0.810844 0.254939 
1.940000 0.573210 0.112737 -0.811616 0.629681 0.573210 0.524339 0.524339 -0.811616 0.257582 
1.945000 0.573086 0.107894 -0.812362 0.631851 0.573086 0.521858 0.521858 -0.812362 0.260255 
1.950000 0.572960 0.103035 -0.813081 0.634006 0.572960 0.519377 0.519377 -0.813081 0.262958 
1.955000 0.572833 0.098162 -0.813773 0.636145 0.572833 0.516896 0.516896 -0.813773 0.265693 
1.960000 0.572705 0.093274 -0.814438 0.638269 0.572705 0.514414 0.514414 -0.814438 0.268457 
1.965000 0.572575 0.088372 -0.815075 0.640377 0.572575 0.511932 0.511932 -0.815075 0.271251 
1.970000 0.572444 0.083455 -0.815686 0.642470 0.572444 0.509451 0.509451 -0.815686 0.274075 
1.975000 0.572312 0.078524 -0.816268 0.644548 0.572312 0.506969 0.506969 -0.816268 0.276928 
1.980000 0.572178 0.073579 -0.816822 0.646610 0.572178 0.504487 0.504487 -0.816822 0.279811 
1.985000 0.572043 0.068619 -0.817348 0.648658 0.572043 0.502006 0.502006 -0.817348 0.282723 
1.990000 0.571907 0.063647 -0.817846 0.650690 0.571907 0.499525 0.499525 -0.817846 0.285663 
1.995000 0.571769 0.058660 -0.818315 0.652708 0.571769 0.497044 0.497044 -0.818315 0.288632 
2.000000 0.571631 0.053660 -0.818755 0.654710 0.571631 0.494564 0.494564 -0.818755 0.291630 
2.005000 0.571491 0.048647 -0.819165 0.656698 0.571491 0.492084 0.492084 -0.819165 0.294655 
2.010000 0.571349 0.043621 -0.819547 0.658671 0.571349 0.489605 0.489605 -0.819547 0.297708 
2.015000 0.571207 0.038582 -0.819899 0.660629 0.571207 0.487126 0.487126 -0.819899 0.300789 
2.020000 0.571063 0.033530 -0.820221 0.662573 0.571063 0.484648 0.484648 -0.820221 0.303897 
2.025000 0.570919 0.028466 -0.820513 0.664502 0.570919 0.482172 0.482172 -0.820513 0.307032 
2.030000 0.570773 0.023389 -0.820775 0.666416 0.570773 0.479696 0.479696 -0.820775 0.310194 
2.035000 0.570625 0.018301 -0.821007 0.668317 0.570625 0.477221 0.477221 -0.821007 0.313383 
2.040000 0.570477 0.013200 -0.821207 0.670203 0.570477 0.474747 0.474747 -0.821207 0.316597 
2.045000 0.570328 0.008088 -0.821377 0.672074 0.570328 0.472274 0.472274 -0.821377 0.319838 
2.050000 0.570177 0.002964 -0.821516 0.673932 0.570177 0.469802 0.469802 -0.821516 0.323105 
2.055000 0.570025 -0.002171 -0.821624 0.675775 0.570025 0.467332 0.467332 -0.821624 0.326396 
2.060000 0.569873 -0.007318 -0.821700 0.677604 0.569873 0.464863 0.464863 -0.821700 0.329713 
2.065000 0.569719 -0.012475 -0.821745 0.679420 0.569719 0.462395 0.462395 -0.821745 0.333055 
2.070000 0.569564 -0.017643 -0.821758 0.681221 0.569564 0.459929 0.459929 -0.821758 0.336422 
2.075000 0.569408 -0.022821 -0.821738 0.683009 0.569408 0.457464 0.457464 -0.821738 0.339813 
2.080000 0.569251 -0.028010 -0.821686 0.684782 0.569251 0.455001 0.455001 -0.821686 0.343227 
2.085000 0.569093 -0.033209 -0.821602 0.686543 0.569093 0.452540 0.452540 -0.821602 0.346666 
2.090000 0.568934 -0.038417 -0.821485 0.688289 0.568934 0.450080 0.450080 -0.821485 0.350128 
2.095000 0.568774 -0.043635 -0.821335 0.690022 0.568774 0.447622 0.447622 -0.821335 0.353613 
2.100000 0.568613 -0.048862 -0.821153 0.691741 0.568613 0.445166 0.445166 -0.821153 0.357121 
2.105000 0.568451 -0.054099 -0.820936 0.693447 0.568451 0.442712 0.442712 -0.820936 0.360652 
2.110000 0.568289 -0.059344 -0.820687 0.695140 0.568289 0.440260 0.440260 -0.820687 0.364204 
2.115000 0.568125 -0.064598 -0.820403 0.696819 0.568125 0.437810 0.437810 -0.820403 0.367779 
2.120000 0.567960 -0.069861 -0.820086 0.698485 0.567960 0.435361 0.435361 -0.820086 0.371375 
2.125000 0.567795 -0.075131 -0.819734 0.700138 0.567795 0.432915 0.432915 -0.819734 0.374993 
2.130000 0.567628 -0.080410 -0.819349 0.701778 0.567628 0.430471 0.430471 -0.819349 0.378632 
